18 167 168 234 36 221 65 216 179 116 0 34 180 33 108 296 275 99 41 
10 87 184 54 164 85 110 249 88 212 72 
7 103 4 8 7 80 134 75 
6 286 299 294 246 148 24 
5 162 159 210 203 133 
5 62 259 220 161 136 
5 276 127 13 260 92 
4 58 137 193 95 
4 227 290 218 15 
3 225 56 273 
3 150 144 187 
3 74 18 107 
3 105 171 263 
3 38 285 261 
3 267 60 125 
3 200 57 63 
3 198 44 19 
3 156 129 79 
2 245 213 
2 226 21 
2 166 113 
2 53 232 
2 91 224 
2 188 39 
2 230 277 
2 96 281 
2 32 174 
2 29 128 
2 214 28 
2 172 282 
2 102 284 
2 40 241 
2 222 244 
2 204 217 
2 146 239 
2 64 122 
2 202 121 
2 14 157 
2 254 82 
2 185 50 
1 26 
1 268 
1 68 
1 295 
1 158 
1 271 
1 86 
1 3 
1 111 
1 209 
1 236 
1 191 
1 253 
1 207 
1 27 
1 243 
1 11 
1 117 
1 163 
1 258 
1 61 
1 170 
1 89 
1 298 
1 109 
1 177 
1 160 
1 22 
1 195 
1 197 
1 23 
1 73 
1 237 
1 147 
1 6 
1 114 
1 269 
1 140 
1 48 
1 190 
1 76 
1 90 
1 42 
1 93 
1 283 
1 235 
1 25 
1 101 
1 70 
1 118 
1 10 
1 131 
1 119 
1 287 
1 5 
1 83 
1 138 
1 81 
1 201 
1 291 
