44 6689 1066 7475 677 5497 5335 8175 7463 4377 4008 2920 8310 7965 2432 88 6002 4094 672 2571 4525 4839 6783 1900 2465 9393 9707 5440 2519 6466 3156 5299 1335 4601 2949 4090 9976 84 2135 1543 9752 3869 2356 7429 3607 
26 519 5018 1315 187 7928 6670 4309 837 1757 1305 1515 303 4742 9847 6263 8518 8640 5970 1097 7005 3629 4078 7657 7399 9003 8292 
19 7499 423 3442 7956 6822 5192 3253 48 9619 1209 6412 7861 9514 700 9313 2695 2720 4494 1560 
16 606 3817 2735 2009 6277 5693 9305 5868 568 3580 8731 4059 4379 2247 6815 713 
14 5860 474 1992 9084 769 5445 4435 1273 3055 9563 2883 6706 7070 6901 
12 9888 5324 8708 1138 2917 9409 3090 5235 549 1867 3549 5934 
11 6916 3307 5300 4618 4758 8477 6663 4855 4071 5769 273 
10 9679 3444 6381 5086 6807 6695 3167 2316 4307 9799 
9 7040 8703 9325 7401 5424 6115 117 5717 222 
8 7957 6831 3855 2559 4894 372 961 2061 
8 24 9140 8329 920 4143 3555 541 9675 
8 55 2576 4346 8950 6198 5885 9523 3988 
7 4637 1005 375 157 2869 7561 5716 
7 3103 8962 3371 7929 9283 1776 3149 
7 4058 1664 29 2020 6961 1833 1888 
7 1353 4150 4842 2912 8406 5341 7141 
7 1528 9216 2986 585 6228 5406 583 
6 8559 8878 6952 3281 7952 5304 
6 297 741 7640 5598 445 3564 
6 9207 3025 734 8395 4495 622 
6 1040 6541 3471 2008 2941 957 
6 3239 3743 9913 4882 9979 5381 
6 8675 7877 1735 61 8840 6649 
6 3457 1978 8420 6724 9581 8728 
6 9411 4214 768 9020 5902 7119 
6 2429 6456 489 268 9626 9256 
5 8342 2278 580 610 8179 
5 1993 3692 7799 6361 5161 
5 219 6031 4687 3030 6403 
5 9187 7109 9291 2313 554 
5 4788 3693 8204 6424 4098 
5 9698 4066 1866 2015 6780 
5 1815 6900 6160 7318 7911 
5 9901 8698 4056 5881 8520 
5 5027 2327 7936 7229 5137 
5 8102 113 9670 3667 6767 
5 3410 2531 6633 394 7188 
5 8271 5402 2774 1724 8213 
5 7849 4948 4586 6418 6843 
5 3168 2507 8509 2828 8587 
5 9733 1332 6965 1227 6044 
5 6656 6694 3697 19 8564 
4 5222 1794 3696 8630 
4 7293 719 6269 2603 
4 8787 7140 1883 4536 
4 7709 7064 1879 8783 
4 1447 6189 4873 3546 
4 2424 1178 9820 1105 
4 3008 5227 9166 2296 
4 7455 3049 7810 5971 
4 6139 7186 6502 6252 
4 7435 6485 3333 8086 
4 8149 5343 1407 8932 
4 8758 6607 2324 8484 
4 1269 1838 5245 9405 
4 6529 5727 7270 9046 
4 6654 1414 658 1637 
4 5218 3249 1170 3245 
4 7088 311 7687 3276 
4 3918 1784 6662 8489 
4 2738 567 8189 696 
4 7864 3294 7612 9449 
4 1605 4475 6913 7287 
4 6404 739 3236 190 
4 477 1438 3527 9406 
4 6794 2233 5213 7711 
4 4877 3197 3005 1384 
4 7156 3579 5808 1609 
4 6329 8425 8736 1372 
4 2589 8262 8029 5387 
4 3655 4583 8557 6123 
4 109 817 4984 7028 
4 3596 1228 7114 1630 
4 5615 2944 7398 4679 
4 9935 4781 5948 3409 
4 7889 3148 7913 1492 
4 3575 2641 7993 6135 
4 9347 3540 2942 1406 
4 3826 7180 2536 9473 
4 1323 4546 4428 4387 
4 8302 5113 7471 9402 
4 4260 7129 9090 6493 
3 1512 3651 6457 
3 6199 1984 8458 
3 4414 8024 4706 
3 9649 7116 3640 
3 6658 7862 8209 
3 4959 4208 4885 
3 4693 7704 2079 
3 5358 1773 3196 
3 2357 1593 7320 
3 699 842 2166 
3 5743 6110 3208 
3 1013 5818 7198 
3 5875 3951 5491 
3 9128 6849 9052 
3 8020 9852 9137 
3 2838 8158 1113 
3 6747 3257 627 
3 7020 7230 9685 
3 2538 5990 8055 
3 2714 6558 8773 
3 5237 8376 9974 
3 8435 3990 5112 
3 1860 2791 9452 
3 3311 2748 789 
3 7451 4437 7104 
3 2899 7512 945 
3 5744 5060 166 
3 2006 3160 6924 
3 5393 4223 6150 
3 2106 1635 3459 
3 2784 4537 5510 
3 7553 7329 2788 
3 5858 3170 1024 
3 8586 563 8459 
3 2123 2963 726 
3 8699 5034 5359 
3 7357 9996 9768 
3 7210 8629 8021 
3 2512 9544 9246 
3 1651 1194 8713 
3 8290 5746 902 
3 328 1489 9550 
3 5487 8449 9595 
3 9463 9087 6752 
3 7082 8979 3329 
3 2520 1090 8848 
3 2436 3067 7013 
3 1530 1734 9401 
3 5856 6877 3384 
3 6884 8739 4170 
3 7846 5572 8323 
3 9851 9691 3758 
3 7891 892 4511 
3 2928 7117 1852 
3 3424 6068 2143 
3 9306 8104 3029 
3 1100 2711 6159 
3 4200 3138 6851 
3 9191 5654 6786 
3 2426 271 6740 
3 2293 3024 315 
3 4648 2026 3572 
3 1674 7792 3891 
3 7428 4233 2422 
3 9920 1689 2581 
3 400 9274 661 
3 5466 8566 3976 
3 5698 8277 7677 
3 4455 5710 3461 
3 9320 9412 864 
3 4575 2975 8715 
3 1251 1030 6168 
3 3578 9666 5500 
3 4833 2915 4935 
3 2335 6455 1625 
3 5189 8426 2626 
3 6735 6741 3849 
3 8774 5649 3601 
3 5996 245 9985 
3 9602 6304 2681 
3 3176 5089 8548 
3 4910 8203 530 
3 2511 2230 4644 
3 7406 5006 7585 
3 4194 513 8574 
3 7319 6804 9316 
3 5369 2742 2957 
3 3865 8447 8462 
3 206 1121 5890 
3 4794 6296 697 
3 4112 4109 6164 
3 6206 6307 608 
3 9813 3104 200 
3 4164 6875 6155 
3 1588 4661 7224 
3 5517 5049 8370 
3 6004 3989 8328 
3 277 4635 4184 
3 9556 2523 1697 
3 965 9469 8073 
3 6239 6192 874 
3 9012 4196 9282 
3 9495 7975 3786 
3 6053 8274 9627 
3 8832 8978 7927 
3 5205 5554 6756 
3 4665 4867 2455 
3 9965 3773 203 
3 5214 7638 8184 
3 8578 5535 7768 
3 3129 8892 9267 
3 3317 1563 3910 
3 9805 128 2118 
3 2401 6450 5636 
3 9255 4084 8573 
3 9503 2657 9944 
3 8792 9806 9078 
3 3430 1869 6951 
3 9559 3541 7372 
3 4630 7648 3068 
3 3403 1527 3821 
3 5025 8786 720 
3 248 8198 1054 
3 5771 5721 3947 
3 9543 3866 41 
3 1955 8346 481 
3 1010 8309 3092 
3 5748 1995 7631 
3 8338 8382 1142 
3 6410 4421 6836 
3 8351 4848 2566 
3 7637 6669 3462 
2 5757 7546 
2 3188 442 
2 9144 7465 
2 4624 7249 
2 9045 2539 
2 2904 9628 
2 2642 8835 
2 3368 1363 
2 3779 2780 
2 4502 730 
2 3354 6338 
2 8157 9504 
2 5507 4980 
2 1276 3510 
2 2198 1524 
2 1564 6745 
2 1804 409 
2 3991 9864 
2 8784 3396 
2 150 1223 
2 1218 1200 
2 419 6202 
2 8224 209 
2 975 6711 
2 482 3263 
2 8040 7602 
2 135 9696 
2 6255 7236 
2 493 8440 
2 4829 3830 
2 9874 6003 
2 5425 8434 
2 8902 9631 
2 457 2399 
2 8521 2973 
2 7314 5285 
2 502 1994 
2 168 7248 
2 3875 5541 
2 7580 3490 
2 7574 6265 
2 6765 9926 
2 5540 3105 
2 9633 4920 
2 7572 1221 
2 6360 3426 
2 1421 4246 
2 4299 4225 
2 4255 3073 
2 4064 7243 
2 6718 7666 
2 3411 7430 
2 9830 4815 
2 1267 4673 
2 5282 3083 
2 9030 655 
2 9890 9286 
2 8207 6029 
2 1640 326 
2 5954 6039 
2 7086 956 
2 2690 3603 
2 9869 2495 
2 2425 2147 
2 2782 2605 
2 1313 615 
2 565 4153 
2 9297 825 
2 4875 9845 
2 6912 4703 
2 4761 8890 
2 5777 4154 
2 428 1177 
2 8915 5699 
2 5120 9011 
2 2074 3602 
2 1970 7255 
2 8588 3017 
2 4285 4349 
2 9640 6200 
2 69 3334 
2 4080 3200 
2 439 3816 
2 7876 5090 
2 802 5566 
2 9382 718 
2 8146 8285 
2 119 5212 
2 3108 9947 
2 6125 1997 
2 8637 95 
2 8823 5017 
2 5516 9487 
2 1233 4507 
2 1959 1904 
2 5887 4050 
2 9769 3717 
2 1830 332 
2 3795 7446 
2 3544 7870 
2 4686 7874 
2 9104 6942 
2 9385 199 
2 839 1908 
2 1518 5829 
2 8816 435 
2 4720 6420 
2 7567 5295 
2 3147 8410 
2 9485 2537 
2 6128 9815 
2 7554 9254 
2 989 1655 
2 6012 2783 
2 3066 6536 
2 2305 3585 
2 2440 1986 
2 47 1240 
2 212 9105 
2 284 8448 
2 3512 8254 
2 498 8536 
2 2518 5182 
2 9705 666 
2 6473 4207 
2 7108 6327 
2 4558 7312 
2 5955 3632 
2 4807 5377 
2 5957 1843 
2 533 1260 
2 5663 4826 
2 6922 4863 
2 2497 3050 
2 9680 7323 
2 6208 3605 
2 6069 2856 
2 3475 8133 
2 5920 9636 
2 7867 8554 
2 6186 780 
2 7102 9951 
2 6749 4016 
2 6316 8766 
2 417 6842 
2 2992 8670 
2 6710 665 
2 5888 3938 
2 7737 6409 
2 8803 7085 
2 3554 2881 
2 3921 2384 
2 1550 6425 
2 3654 3375 
2 448 9562 
2 1503 5712 
2 6021 5686 
2 8219 5892 
2 9757 6413 
2 9586 7172 
2 4410 1580 
2 601 9549 
2 7000 5620 
2 6058 6245 
2 6742 4088 
2 8419 3058 
2 7373 3565 
2 9575 9744 
2 2245 951 
2 7683 1500 
2 4733 6352 
2 1386 933 
2 7557 9353 
2 2649 5477 
2 6856 5240 
2 782 57 
2 4376 3885 
2 5307 4404 
2 6818 2934 
2 5816 6220 
2 3842 4250 
2 9795 290 
2 3199 596 
2 8093 6475 
2 172 98 
2 9634 4482 
