90 6599 8033 5454 9997 5954 8019 7136 5831 333 5260 2446 2603 2635 7590 4506 1434 1111 2098 2822 45 6440 5679 2854 9832 1785 2820 3160 8854 3039 6428 2921 7833 6613 2368 9145 2772 2734 6885 7759 1959 9670 6933 9738 1179 2440 493 9475 4172 156 7318 4467 8103 3117 6261 9822 5455 6130 2150 5876 2584 835 3660 2995 1666 2922 6056 719 2234 3042 9058 9191 2223 691 7138 187 8141 6096 3183 7245 7080 6340 8725 3016 5959 7851 3190 5266 5604 2870 5634 
53 6198 4891 9151 7320 8598 7643 4114 327 2758 3883 681 306 9392 3636 2849 9581 6812 9053 3440 8450 2863 7849 5371 2717 389 3425 3060 6430 3448 9351 2139 4523 3187 1134 4967 1711 5588 9106 4904 1566 7678 8172 3353 6570 7418 5835 3516 586 2038 6781 295 3831 9861 
42 9180 8544 5482 1999 9159 6042 2600 5254 7426 9141 2851 8232 3491 1717 8858 1826 4611 1141 9413 3249 9049 6507 820 8980 8220 2805 1769 3875 7277 102 5919 7653 4119 7674 7584 8424 4078 2586 6808 9168 9888 1579 
36 6424 9321 4960 7782 3592 2209 934 175 6423 4768 962 7914 5832 8097 3423 6950 3922 1808 1587 8946 577 13 4804 8078 9601 9714 8849 3709 3766 1574 3873 9014 4115 4466 3387 4322 
32 1572 4141 526 8044 6229 701 8099 3216 3155 1408 8995 746 6392 2672 6975 78 4189 5014 1813 3363 8786 8057 4935 5062 9111 1965 4852 4052 9925 1048 654 4065 
29 4182 3145 42 4661 9340 9189 9435 152 5057 7427 602 6197 4760 2378 5046 7633 445 9371 3590 660 4473 4071 5552 7828 3236 7662 7937 1109 1472 
27 570 7576 5465 2993 1641 3902 1466 8551 8090 4753 9488 207 9215 7148 138 558 1386 9988 9543 666 5777 2265 4398 3153 4764 3511 2823 
25 9282 601 671 9155 2636 4077 8453 6845 8561 993 9872 9742 4974 8724 2452 9890 3123 724 7901 7883 3815 7256 3256 6638 5500 
23 7822 8315 9696 8407 6891 9284 4469 2652 8709 9814 4801 1187 1577 5798 6669 6330 3233 8595 9211 4616 7760 804 2417 
22 7995 8644 6603 5160 2146 8372 1753 7324 8698 2163 8346 3562 6956 9594 9960 7229 4049 3240 395 8502 2830 6227 
21 3265 3611 3581 5030 7735 7132 2156 5370 5524 7313 1817 5645 3756 5354 8299 5703 7609 1938 2091 2414 4260 
20 5673 3075 4830 8184 1833 9858 2182 2563 8085 8607 2381 625 2191 6791 3832 8579 9328 1660 5325 482 
20 3968 4107 1764 929 1568 8404 8039 2648 1599 7642 8546 377 3877 2711 9054 8267 2996 1824 9194 6190 
19 6021 1204 7382 2517 3104 5147 9445 5801 3384 5262 3198 5955 9360 9246 6982 957 94 4501 8669 
18 750 7205 3860 4581 7794 280 1788 6257 8545 1377 3720 1573 6557 5837 3288 2698 7047 3209 
18 1752 4949 3076 7855 688 5233 474 4980 4671 5326 9440 9764 6543 4494 9446 9740 7613 2765 
17 7186 8246 9443 4574 4634 4759 7781 3704 3827 2713 6668 2198 1143 5535 1925 7297 2550 
17 1539 5383 773 3632 2607 1512 6897 1030 4349 9692 1492 1942 3025 7545 7337 3492 9561 
16 8961 90 816 1130 8730 862 4922 9887 7179 9038 8128 3210 9031 2086 9213 7006 
16 4303 8472 994 436 1831 2766 159 1415 286 7639 1387 9688 7566 4447 9288 5097 
16 27 4662 8896 9718 8183 9157 4397 7606 5388 2847 8121 275 9662 23 5130 8383 
15 1846 4805 9727 3179 9447 6319 2090 8364 7511 2297 9248 596 7175 3929 1191 
15 1125 8394 4246 5557 8468 9538 8406 5944 7704 2496 3665 3235 5939 4796 8568 
14 8653 3247 8504 1595 9498 3496 6488 1359 3628 2864 6980 4066 3452 5336 
14 9957 6770 846 3181 9243 1035 5467 7539 6001 2803 7030 9589 3782 612 
14 1425 6154 2583 1038 352 6671 8207 6497 8948 5008 4236 6062 5613 3551 
14 1271 626 9136 405 4878 9826 6597 4989 1312 2351 4392 8205 7494 3505 
13 7216 7720 3169 698 7487 2202 1896 7574 523 6152 9417 476 6347 
13 8590 8447 7343 1893 3775 534 7096 8440 6683 3533 6785 8835 3482 
13 6720 8339 6931 7946 7222 5608 6425 3119 4474 8366 5241 4390 3171 
12 1062 8523 5756 5049 1468 8657 1060 8152 9850 2795 839 4433 
12 766 1424 4060 1364 3856 8983 4166 7787 4797 6687 3878 9820 
12 1691 6214 1247 811 4543 5041 726 2793 7235 4794 7918 7984 
12 5149 1348 9117 314 5503 7793 9913 5967 8654 3833 9460 1437 
12 8432 9868 3991 5771 4701 8177 4766 5952 4057 6610 5532 7708 
12 9791 3765 2332 3503 9257 328 2241 7395 3361 9942 4338 5941 
11 7448 182 3693 5595 1365 1734 6879 8386 9992 4754 9336 
11 4568 2785 8125 7031 6578 6796 9166 2335 1196 553 6729 
11 6200 6461 1040 5846 4632 8678 5583 2890 9366 1956 3128 
11 9591 5889 548 554 2330 7015 5984 5245 5334 7569 8434 
11 9584 5136 9441 5475 5492 3937 9037 5324 9695 4951 8543 
11 5197 5528 4765 8927 8710 4259 8170 9104 8971 8492 1842 
10 1339 3772 1746 1768 6265 3681 3911 4122 3258 3972 
10 5973 687 5069 8870 8740 551 6600 6245 1712 8399 
10 2554 4807 5209 4994 3534 4170 330 227 3656 8227 
10 9743 552 1531 457 2365 7115 3460 5934 5903 1491 
10 7397 8934 1556 416 4238 8415 9075 6888 528 2954 
10 5653 2152 1805 6595 7871 9361 656 2442 8903 5721 
10 4088 2855 9747 3630 1704 5564 915 6992 2874 188 
10 9635 9202 810 910 5555 4773 3471 256 6959 5213 
10 5195 7496 7695 1285 1807 7402 3899 6151 8080 8850 
10 6294 7529 2000 1021 6640 2069 7475 8592 8969 6093 
9 7439 1186 6857 8166 1330 2649 5908 1924 3701 
9 5886 8073 8952 1751 2813 5206 4503 3027 9200 
9 9470 8286 8134 4808 8026 2836 7251 3051 9756 
9 4751 7173 1113 450 6890 1816 4169 5966 68 
9 191 9568 2557 281 8017 3383 1670 4757 7358 
9 446 3501 3575 5938 8851 9492 7183 128 5917 
9 7309 4996 5113 8977 336 5740 271 7014 7380 
9 34 498 4481 8297 8143 2005 7421 2418 5529 
9 4660 417 7611 4507 7689 5077 7694 9227 1067 
9 4944 7011 2604 854 5865 3579 8431 702 7979 
9 9951 7329 8513 49 1140 2777 5898 89 3339 
9 9131 8565 8481 4091 4068 5914 8400 1192 8781 
8 5511 1983 1037 7394 544 7638 6475 3640 
8 3643 108 3260 6765 6664 8797 3302 6778 
8 9787 3312 276 5942 5476 5345 4870 9522 
8 6046 7929 8356 5156 6754 9646 6463 3333 
8 9506 8027 5472 6819 9685 665 26 5965 
8 1014 7042 5794 8503 2512 2693 1066 2205 
8 2524 5545 144 1205 1818 502 61 7335 
8 6416 6623 6970 6482 6635 1036 4803 563 
8 3385 3519 9797 5675 5462 1779 3618 9236 
8 8919 9940 487 4769 4067 928 7120 8118 
8 5237 747 3679 5537 1139 1148 6935 9699 
8 2482 1860 5185 7581 3324 6928 2715 1909 
8 3921 2933 5377 6655 9251 8586 7636 3316 
8 5031 4214 1862 4458 4239 6003 40 7922 
8 5669 9732 6864 4318 6699 8625 479 6250 
8 7698 736 8566 874 1407 5115 7982 9933 
8 2263 5134 5129 7552 6258 7752 9755 1590 
8 2876 9459 3698 7219 8875 2916 7384 4650 
7 5153 7458 2399 6231 4937 2012 3659 
7 3987 5112 2 6402 5881 3149 5247 
7 2858 5553 350 3598 7864 429 6871 
7 1976 3903 6155 4802 6168 3044 7331 
7 8003 1410 4099 9042 3914 5127 288 
7 3781 2305 3694 7969 2940 5815 2244 
7 6092 8120 2459 9304 9930 7648 9352 
7 7244 6117 3005 3099 7449 2228 7894 
7 1275 3476 8778 3560 5751 8885 5997 
7 3201 4006 6493 667 1100 3919 9632 
7 4535 7253 4717 4279 4327 1520 4909 
7 69 7516 5128 4896 9019 9804 6936 
7 9039 2971 2472 6363 2469 5387 8745 
7 4217 3682 7060 2599 7724 3867 2169 
7 9891 477 2042 5632 8052 598 9128 
7 8717 9606 3064 1835 2769 1051 3172 
7 130 6474 5349 16 1772 9385 8949 
7 8547 9224 3264 3322 896 6961 1675 
7 7481 850 7191 2384 3855 3932 6889 
7 8324 4957 961 2963 3950 5483 3462 
7 9984 9592 3350 8890 8841 8438 170 
7 540 6030 968 7351 659 8733 2304 
7 4480 3951 4824 9966 6234 1809 5310 
7 5461 8624 2570 2736 7020 1417 1822 
7 8829 7744 9956 8464 5895 4917 2573 
6 9052 3278 3763 1278 8130 6509 
6 9378 8049 2140 9785 2640 6032 
6 1700 7798 1499 1926 2003 8282 
6 4 7230 460 9130 3306 7161 
6 1614 3746 5109 817 2252 2037 
6 3735 9559 4436 6925 5534 8950 
6 9408 273 9811 4219 2350 9079 
6 8083 6382 7707 5668 5516 9175 
6 9702 4311 6983 4966 6459 7699 
6 5696 6620 7890 3866 6748 7026 
6 2756 1863 5566 2396 9219 3268 
6 2526 2755 9286 2145 4151 1756 
6 4046 3396 6756 9073 6407 3582 
6 1964 3524 2614 6150 5207 1560 
6 3126 7084 8540 1745 9884 1422 
6 3518 7323 1442 3612 3762 5263 
6 2293 4442 1175 4415 4034 9636 
6 3373 6973 3295 5855 8327 7109 
6 3953 3844 1325 9806 5612 5116 
6 906 7279 3259 1024 7985 8872 
6 6374 2195 2506 9612 3811 2048 
6 1421 8699 9129 9735 432 6102 
6 9416 7742 8906 9669 1124 4715 
6 2767 4455 5333 1049 1059 7295 
6 9384 3410 9817 6910 9120 2860 
6 8261 4400 7442 9836 9273 60 
6 422 9382 8613 4607 5298 1597 
6 1080 3150 5826 1398 6275 3954 
6 6790 9123 291 1197 7579 2186 
6 6445 9621 1505 8833 4777 4926 
6 2479 7543 1554 676 2578 3 
6 8063 8053 4560 2906 2253 4050 
6 2141 3442 1152 7367 7986 7867 
6 779 2965 7151 6284 5171 7976 
6 9751 7416 5910 3331 2430 3620 
6 4529 1608 8273 9076 1737 8074 
6 5968 8530 4249 4186 404 2815 
6 9033 4910 1890 5999 5400 1053 
6 6351 434 780 4386 1267 5456 
6 2535 6177 7650 4710 6237 5226 
5 1429 5598 2239 421 6410 
5 7232 663 229 2353 3177 
5 4195 5658 4622 8751 6283 
5 3907 2752 82 6113 3707 
5 1600 2051 6563 7575 3992 
5 9095 7519 5940 9899 2135 
5 5258 1558 3702 1250 3623 
5 7116 5520 3367 3323 9150 
5 9515 5181 3417 2914 462 
5 8234 5151 3764 5460 8936 
5 3050 5829 9967 9454 6516 
5 3291 5244 1465 9268 8193 
5 9754 9397 1776 9190 3139 
5 5585 9139 5308 2633 1178 
5 2168 1220 1758 5005 1210 
5 5148 7528 2555 627 4476 
5 2343 8820 4144 2085 3696 
5 3391 8445 8162 357 952 
5 8204 3405 3455 4200 3009 
5 4834 5423 9816 1644 3744 
5 1855 5117 6677 3898 653 
5 7625 1448 3557 6073 5680 
5 2966 9640 6995 7603 5182 
5 9520 1390 2841 4784 5574 
5 4152 9627 9772 879 4655 
5 3536 931 6444 2747 6313 
5 1241 4126 2013 3845 1123 
5 6005 9484 2323 8237 7383 
5 1260 6869 9752 8471 6681 
5 7992 4629 4156 2930 5086 
5 5448 6922 4716 4084 9263 
5 6815 8615 7177 6000 4009 
5 9790 9428 8439 2395 2144 
5 338 3380 571 1907 593 
5 1715 2664 8693 629 5724 
5 9115 5713 9974 7769 7147 
5 1380 5020 837 5251 7482 
5 4123 2212 1985 873 1025 
5 1016 4976 4250 4165 1239 
5 375 4573 2049 3266 1462 
5 8697 6718 3164 1795 8714 
5 8277 9980 7845 4018 6504 
5 678 4227 5416 6278 721 
5 4391 4933 8549 2147 5066 
5 309 2201 4697 3036 2746 
5 304 9322 215 1264 4286 
5 7790 7144 2352 1631 9761 
5 5082 294 6556 8701 3680 
5 6348 3757 3716 7723 9907 
5 9096 1562 3411 5949 7249 
5 6421 8884 5860 1659 8765 
5 3283 2768 6767 2166 4005 
5 7180 2036 3671 6520 4248 
5 979 1515 7485 2339 2137 
5 5868 6876 5313 785 919 
5 9629 5945 2126 3733 1257 
5 1961 4175 2701 605 2358 
5 7957 9625 684 5051 8910 
5 3292 4636 4192 4408 9258 
5 2401 6255 4587 443 8584 
5 7667 1681 5144 3412 9937 
5 5102 4739 5726 5896 8663 
5 171 8250 9719 8766 9777 
5 158 8072 4718 5705 6322 
5 706 5436 4001 1575 6242 
5 3238 6481 4677 8966 9097 
5 1588 2236 5654 9678 8575 
5 1913 6868 7436 6211 3347 
5 7980 7773 3610 6125 4082 
5 7430 6912 2912 9963 2873 
5 4181 6123 4628 9590 4983 
5 3122 1969 1923 6822 1430 
4 8108 5990 9027 289 
4 4053 6016 2218 8421 
4 1217 2775 9549 8046 
4 6966 3275 5797 4314 
4 6292 5542 9773 2024 
4 6485 4817 504 9874 
4 3118 7721 6766 6844 
4 9241 6753 7715 7176 
4 795 4867 9708 7679 
4 515 1276 5783 1293 
4 6794 15 7728 3836 
4 5229 6657 3755 5210 
4 9462 238 8418 2394 
4 6262 8954 9915 8266 
4 3851 1283 4304 2677 
4 7952 9721 2519 5525 
4 6554 5318 1604 4393 
4 949 7286 8681 4355 
4 3186 73 768 4104 
4 7259 397 9147 2101 
4 908 208 738 5307 
4 8992 7381 8937 4567 
4 5883 7974 7621 5 
4 1740 784 6746 4887 
4 1794 2279 589 9489 
4 3332 1787 1441 408 
4 2221 9165 2167 7668 
4 1076 6464 5522 3267 
4 3537 4030 53 7158 
4 5126 2569 221 1165 
4 3722 9391 4252 1760 
4 6379 6985 8651 2801 
4 1612 5360 163 5224 
4 2992 3731 3881 4639 
4 2053 232 7203 7488 
4 6280 3318 4530 1133 
4 3049 2138 6580 6452 
4 9831 62 7016 7185 
4 1236 8293 5744 9825 
4 4495 7408 7842 2295 
4 791 5610 4553 3703 
4 9242 7865 4903 5693 
4 5714 8991 7637 6731 
4 1994 5706 1093 813 
4 8594 4788 5901 3847 
4 6027 1042 4627 5671 
4 220 3346 1095 5166 
4 2359 81 2058 8711 
4 2057 3443 4096 343 
4 7086 8462 7607 167 
4 7572 9537 740 5368 
4 1677 4942 4278 8368 
4 6049 9856 5796 4093 
4 7087 8281 6779 555 
4 8257 1055 7022 6618 
4 489 8726 5682 1138 
4 2468 35 2258 4302 
4 6566 5499 9302 6500 
4 8526 7406 4730 4309 
4 1373 2429 792 4183 
4 4076 2346 6304 610 
4 7149 1282 6816 5867 
4 1300 1131 6710 5478 
4 5683 970 5058 704 
4 132 3783 8957 3949 
4 682 8865 971 8417 
4 9504 899 8634 4514 
4 393 8754 2840 9329 
4 4948 6622 2154 5052 
4 147 8375 5348 2710 
4 9909 8176 2106 5351 
4 1229 3667 9540 1674 
4 5022 236 8320 8746 
4 8924 4858 7870 8381 
4 3804 8756 3033 9494 
4 5912 8006 2018 2622 
4 1547 7719 703 1521 
4 6411 1412 3091 8012 
4 1639 8178 4694 3242 
4 590 2439 3225 6519 
4 5188 2920 7361 2301 
4 9665 6105 8500 4313 
4 1487 216 7375 1203 
4 930 6341 4795 7327 
4 9803 6551 2609 6634 
4 6727 6658 8970 6007 
4 8410 6826 2298 9356 
4 2642 9961 2375 2918 
4 3917 4323 3019 5857 
4 5619 675 9407 1542 
4 1198 2391 606 7239 
4 9955 4722 3114 6703 
4 4069 8933 8564 7299 
4 8727 8050 6299 1854 
4 9121 2782 4486 7464 
4 473 2673 8093 4307 
4 2608 8834 9229 9055 
4 8201 1996 456 1593 
4 7910 9467 6427 5201 
4 1414 3479 6616 1750 
4 8913 7412 1592 6643 
4 4703 8285 7691 3001 
4 4597 7201 8958 8609 
4 1689 5435 1804 2838 
4 1004 941 5323 5580 
4 2770 6221 7538 7061 
4 8111 4975 4673 8239 
4 9238 8442 8790 6859 
4 9223 2637 5925 4231 
4 9599 9585 2644 8494 
4 8798 5863 4221 2868 
4 9546 3669 9989 5167 
4 690 5353 6099 8831 
4 3573 164 5125 3541 
4 385 9456 6676 91 
4 33 1243 5079 8569 
4 5228 3205 319 2591 
4 7605 7944 402 320 
4 6990 4282 4298 572 
4 513 6267 9477 3079 
4 5138 679 2129 630 
4 5916 308 5637 9864 
4 7110 7800 3997 5433 
4 9394 956 3335 3272 
3 745 7349 851 
3 1238 1009 6167 
3 365 4015 9315 
3 2096 7988 3300 
3 9485 6128 5670 
3 6036 185 9565 
3 1344 3741 7526 
